%YAML:1.0
---
histogram_0: !!opencv-matrix
   rows: 256
   cols: 1
   dt: f
   data: [ 7805., 916., 442., 612., 944., 133., 621., 1325., 481., 160.,
       74., 79., 693., 172., 750., 2059., 1215., 245., 162., 86., 189.,
       19., 175., 97., 916., 103., 89., 65., 1794., 111., 2475., 1297.,
       604., 181., 145., 99., 200., 18., 94., 124., 94., 28., 14., 13.,
       114., 39., 88., 165., 1044., 119., 97., 81., 273., 22., 200.,
       105., 1355., 111., 88., 67., 4323., 133., 2193., 954., 1029.,
       161., 145., 171., 177., 26., 81., 86., 192., 25., 22., 23., 103.,
       12., 82., 87., 135., 24., 18., 17., 18., 7., 9., 10., 209., 11.,
       24., 24., 114., 21., 110., 92., 828., 206., 115., 176., 110., 12.,
       75., 109., 107., 25., 17., 16., 90., 29., 97., 154., 2046., 118.,
       177., 123., 140., 27., 121., 88., 4188., 144., 215., 195., 2910.,
       140., 1258., 746., 387., 608., 61., 791., 156., 152., 64., 2131.,
       125., 84., 11., 75., 94., 146., 73., 1352., 151., 97., 28., 62.,
       17., 15., 29., 95., 114., 76., 12., 88., 157., 112., 185., 839.,
       67., 80., 11., 64., 30., 29., 8., 150., 13., 14., 2., 11., 17.,
       16., 8., 124., 89., 78., 12., 79., 34., 27., 23., 146., 93., 97.,
       10., 116., 232., 199., 161., 1041., 605., 1343., 62., 1972., 72.,
       73., 66., 1155., 89., 147., 12., 181., 87., 121., 77., 880., 168.,
       95., 19., 79., 11., 11., 26., 93., 150., 135., 11., 143., 130.,
       100., 151., 624., 855., 2168., 77., 1480., 97., 87., 88., 811.,
       96., 217., 13., 135., 87., 182., 109., 1087., 2772., 1472., 169.,
       793., 118., 98., 129., 561., 2472., 1226., 153., 1117., 1472.,
       915., 1428., 1128404. ]
